2
Motion IDLE
0.8
0.5
2
0.0 -0.78539816 -0.78539816 1.57079633 -2.35619449 -0.78539816 1.57079633 1.57079633 -2.35619449 0.78539816 1.57079633 0.78539816 0.0 0.0 160.0
1.0 -0.78539816 -0.78539816 1.57079633 -2.35619449 -0.78539816 1.57079633 1.57079633 -2.35619449 0.78539816 1.57079633 0.78539816 0.0 0.0 160.0
Motion WALK
0.4
0.5
2
0.0 -0.78539816 -0.78539816 1.57079633 -2.35619449 -0.78539816 1.57079633 1.57079633 -2.35619449 0.78539816 1.57079633 0.78539816 0.0 0.0 160.0
1.0 -0.78539816 -0.78539816 1.57079633 -2.35619449 -0.78539816 1.57079633 1.57079633 -2.35619449 0.78539816 1.57079633 0.78539816 0.0 0.0 160.0
